26

86 2865 3534 5339 20 1236 2135 287 3860 43 1203 6601 3291 17667 92 2081 78 8972 10907 12983 937 3342 1319 52 2718 93
967 70 4 7 7231 2 0 15 680 231 0 2179 18 11 1496 7 0 952 378 261 2410 36 10 1 1252 0
3378 15 680 28 5090 12 1 4896 1161 1 1513 1110 12 2 5935 18 120 997 44 2684 888 0 92 0 603 0
5207 1977 678 1197 6079 1092 634 2816 6283 150 103 1017 1518 1495 4093 582 45 1302 2981 5172 924 391 1842 1 1288 0
11555 2371 5786 13531 5847 3459 1492 3669 5381 209 428 7320 5477 13747 3657 3088 387 22695 12763 10233 581 3015 5242 1394 2835 21
2787 258 358 215 2408 1248 140 1082 2477 34 21 653 641 117 4846 252 9 2157 571 3424 922 59 388 0 466 0
2449 388 204 188 3047 301 256 3929 1695 18 14 1131 458 361 1855 191 13 1624 819 1709 895 53 481 1 212 1
15069 281 230 156 31494 217 98 824 10682 38 24 232 573 152 6119 163 7 736 630 3438 796 28 586 0 522 2
1920 860 4307 3522 2774 1779 2304 1063 130 20 640 3700 3712 21550 4085 536 20 3035 10941 11242 117 1725 762 127 13 836
369 0 0 0 624 0 0 0 1 0 0 0 0 0 271 0 0 0 0 0 440 0 0 0 0 0
481 84 61 31 2620 145 17 463 1251 6 15 132 99 976 308 45 3 29 581 416 63 10 242 1 179 0
4299 433 300 3513 7972 1285 125 356 6277 34 436 6599 939 258 3833 396 18 276 1008 1613 882 249 549 0 4789 1
5346 654 193 93 8081 225 67 413 3251 26 12 166 656 198 2967 1573 11 1492 1044 954 1295 37 433 0 2547 0
4041 962 3552 13467 8237 1050 10166 1637 3858 167 924 1193 977 1334 7562 410 148 312 4147 11322 613 495 1384 90 1513 26
1265 1662 1461 1705 540 8889 635 1391 1260 342 1184 3182 5979 13054 3596 1769 27 9243 3229 6546 13668 1338 4821 52 585 20
2414 41 22 18 3676 82 22 415 1062 2 2 1850 57 13 2759 1311 0 2868 524 803 576 2 94 0 256 0
0 0 0 0 0 0 0 0 0 0 0 0 0 0 1 0 0 0 0 2 1179 0 0 0 0 0
5861 996 1764 2635 16092 1195 1052 1632 5915 107 878 1381 1935 1670 6441 775 28 1677 4931 4994 1062 552 1601 35 2970 3
6799 1434 1798 728 8721 1274 484 6659 6612 104 459 1116 1561 1130 5984 2127 161 572 5683 11627 2907 297 2427 3 564 2
6381 1288 1098 702 9670 914 532 34673 10206 96 158 2397 1656 674 12649 643 57 2954 3340 6539 2017 117 3104 6 2034 45
1164 612 1866 710 867 197 1758 328 951 11 112 3659 979 3509 91 1699 10 5432 4058 4984 26 20 384 8 46 26
665 0 0 1 9054 0 0 0 1681 0 0 0 1 0 437 0 0 3 0 12 13 0 3 0 40 0
6275 88 121 122 4289 101 51 5429 5191 4 25 220 244 1271 2509 48 8 340 409 449 48 27 335 0 72 1
191 6 293 5 130 9 0 20 173 0 2 1 7 3 27 523 5 5 8 310 13 17 21 5 3 0
2101 873 970 954 1461 820 324 1099 1642 62 105 567 944 395 5819 632 27 508 2236 2230 233 100 1511 1 244 1
671 0 0 0 159 1 0 1 40 0 0 34 0 0 11 0 0 1 2 2 2 0 46 0 108 136


0 1 2 3 4 5 6 7 8 9 10 11 12 13 14 15 16 17 18 19 20 21 22 23 24 25
1 0 1 2 3 4 5 6 7 8 9 10 11 12 13 14 15 16 17 18 19 20 21 22 23 24
2 1 0 1 2 3 4 5 6 7 8 9 10 11 12 13 14 15 16 17 18 19 20 21 22 23
3 2 1 0 1 2 3 4 5 6 7 8 9 10 11 12 13 14 15 16 17 18 19 20 21 22
4 3 2 1 0 1 2 3 4 5 6 7 8 9 10 11 12 13 14 15 16 17 18 19 20 21
5 4 3 2 1 0 1 2 3 4 5 6 7 8 9 10 11 12 13 14 15 16 17 18 19 20
6 5 4 3 2 1 0 1 2 3 4 5 6 7 8 9 10 11 12 13 14 15 16 17 18 19
7 6 5 4 3 2 1 0 1 2 3 4 5 6 7 8 9 10 11 12 13 14 15 16 17 18
8 7 6 5 4 3 2 1 0 1 2 3 4 5 6 7 8 9 10 11 12 13 14 15 16 17
9 8 7 6 5 4 3 2 1 0 1 2 3 4 5 6 7 8 9 10 11 12 13 14 15 16
10 9 8 7 6 5 4 3 2 1 0 1 2 3 4 5 6 7 8 9 10 11 12 13 14 15
11 10 9 8 7 6 5 4 3 2 1 0 1 2 3 4 5 6 7 8 9 10 11 12 13 14
12 11 10 9 8 7 6 5 4 3 2 1 0 1 2 3 4 5 6 7 8 9 10 11 12 13
13 12 11 10 9 8 7 6 5 4 3 2 1 0 1 2 3 4 5 6 7 8 9 10 11 12
14 13 12 11 10 9 8 7 6 5 4 3 2 1 0 1 2 3 4 5 6 7 8 9 10 11
15 14 13 12 11 10 9 8 7 6 5 4 3 2 1 0 1 2 3 4 5 6 7 8 9 10
16 15 14 13 12 11 10 9 8 7 6 5 4 3 2 1 0 1 2 3 4 5 6 7 8 9
17 16 15 14 13 12 11 10 9 8 7 6 5 4 3 2 1 0 1 2 3 4 5 6 7 8
18 17 16 15 14 13 12 11 10 9 8 7 6 5 4 3 2 1 0 1 2 3 4 5 6 7
19 18 17 16 15 14 13 12 11 10 9 8 7 6 5 4 3 2 1 0 1 2 3 4 5 6
20 19 18 17 16 15 14 13 12 11 10 9 8 7 6 5 4 3 2 1 0 1 2 3 4 5
21 20 19 18 17 16 15 14 13 12 11 10 9 8 7 6 5 4 3 2 1 0 1 2 3 4
22 21 20 19 18 17 16 15 14 13 12 11 10 9 8 7 6 5 4 3 2 1 0 1 2 3
23 22 21 20 19 18 17 16 15 14 13 12 11 10 9 8 7 6 5 4 3 2 1 0 1 2
24 23 22 21 20 19 18 17 16 15 14 13 12 11 10 9 8 7 6 5 4 3 2 1 0 1
25 24 23 22 21 20 19 18 17 16 15 14 13 12 11 10 9 8 7 6 5 4 3 2 1 0
